50
2
0.1 0.4
0.3 0.7
10
0.20 0.10 0.18 0.33 0.32 0.14 0.16 0.23 0.08 0.02
0.50 0.61 0.60 0.99 0.57 0.76 0.78 0.73 0.34 0.70
4
0.65 0.06 0.41 0.59
0.35 0.88 0.47 0.94
10
0.56 0.52 0.76 0.72 0.88 0.48 0.64 0.60 0.92 0.68
0.24 0.08 0.32 0.44 0.04 0.36 0.12 0.20 0.40 0.28
7
0.91 0.64 0.44 0.38 0.18 0.52 0.05
0.20 0.15 0.50 0.74 0.76 0.47 0.29
9
0.44 0.33 0.15 0.05 0.18 0.46 0.03 0.23 0.21
0.74 0.79 0.95 0.92 0.56 0.72 0.67 0.82 0.51
1
0.2
0.7
3
0.50 0.30 0.35
0.40 0.75 0.65
10
0.20 0.80 0.07 0.60 0.67 0.97 0.87 0.53 0.13 0.23
0.40 0.50 0.27 0.33 0.63 0.03 0.93 0.83 0.37 0.10
10
0.46 0.32 0.17 0.33 0.08 0.45 0.35 0.52 0.06 0.04
0.76 0.86 0.88 0.56 0.60 0.99 0.71 0.85 0.61 0.70
9
0.83 0.80 0.48 0.57 0.72 0.98 0.85 0.76 0.67
0.15 0.87 0.02 0.26 0.93 0.43 0.24 0.54 0.35
6
0.50 0.15 0.88 0.25 0.54 0.85
0.44 0.23 0.46 0.79 0.81 0.42
10
0.43 0.35 0.45 0.69 0.61 0.44 0.41 0.89 0.49 0.96
0.20 0.19 0.18 0.07 0.05 0.21 0.33 0.03 0.06 0.08
10
0.048 0.279 0.846 0.173 0.981 0.740 0.644 0.010 0.125 0.500
0.154 0.663 0.442 0.365 0.933 0.894 0.385 0.067 0.952 0.971
10
0.34 0.35 0.12 0.98 0.88 0.91 0.13 0.59 0.38 0.18
0.09 0.86 0.30 0.32 0.22 0.95 0.20 0.62 0.02 0.94
10
0.29 0.24 0.19 0.33 0.48 0.14 0.43 0.10 0.38 0.05
0.95 0.67 0.81 0.62 0.86 0.57 0.52 0.76 0.71 0.90
10
0.56 0.36 0.23 0.45 0.78 0.06 0.62 0.70 0.90 0.21
0.63 0.48 0.19 0.76 0.38 0.81 0.83 0.53 0.15 0.08
6
0.43 0.88 0.58 0.50 0.70 0.03
0.80 0.85 0.75 0.27 0.98 0.40
10
0.43 0.14 0.16 0.84 0.81 0.73 0.76 0.22 0.92 0.59
0.68 0.62 0.46 0.97 0.30 0.19 0.11 0.54 0.08 0.27
1
0.3
0.6
3
0.82 0.94 0.09
0.12 0.71 0.03
10
0.25 0.20 0.45 0.70 0.99 0.92 0.76 0.17 0.96 0.69
0.85 0.08 0.79 0.35 0.74 0.78 0.52 0.64 0.11 0.60
7
0.43 0.54 0.11 0.83 0.74 0.06 0.91
0.80 0.97 0.89 0.17 0.37 0.60 0.26
7
0.83 0.80 0.95 0.63 0.99 0.54 0.82
0.89 0.62 0.91 0.02 0.41 0.32 0.33
7
0.67 0.65 0.23 0.76 0.81 0.18 0.64
0.17 0.32 0.01 0.60 0.73 0.42 0.57
1
0.8
0.5
7
0.10 0.22 0.90 0.84 0.95 0.03 0.09
0.12 0.38 0.40 0.83 0.29 0.52 0.55
10
0.050 0.941 0.446 0.139 0.426 0.515 0.297 0.178 0.238 0.851
0.535 0.950 0.030 0.099 0.020 0.475 0.782 0.980 0.693 0.119
10
0.152 0.076 0.971 0.505 0.105 0.133 0.867 0.352 0.400 0.410
0.457 0.048 0.895 0.495 0.943 0.781 0.571 0.676 0.429 0.010
10
0.41 0.59 0.77 0.36 0.53 0.73 0.68 0.82 0.26 0.47
0.58 0.85 0.72 0.97 0.31 0.92 0.96 0.11 0.81 0.91
10
0.46 0.92 0.12 0.54 0.08 0.62 0.42 0.17 0.25 0.33
0.50 0.83 0.38 0.58 0.96 0.04 0.75 0.71 0.79 0.21
3
0.39 0.55 0.68
0.87 0.35 0.19
2
0.29 0.79
0.08 0.83
6
0.04 0.98 0.68 0.74 0.58 0.48
0.52 0.10 0.30 0.08 0.86 0.34
9
0.71 0.11 0.34 0.75 0.29 0.21 0.83 0.67 0.68
0.70 0.51 0.92 0.59 0.01 0.58 0.33 0.13 0.74
10
0.75 0.66 0.65 0.57 0.82 0.97 0.83 0.58 0.63 0.80
0.20 0.32 0.18 0.09 0.28 0.02 0.51 0.42 0.43 0.35
3
0.71 0.82 0.86
0.18 0.11 0.61
8
0.42 0.55 0.84 0.39 0.81 0.52 0.48 0.58
0.97 0.68 0.61 0.45 0.71 0.16 0.29 0.87
10
0.16 0.77 0.18 0.07 0.34 0.39 0.23 0.66 0.11 0.55
0.61 0.14 0.43 0.64 0.68 0.45 0.82 0.09 0.98 0.48
5
0.14 0.33 0.19 0.24 0.05
0.43 0.38 0.48 0.67 0.52
8
0.45 0.12 0.76 0.18 0.43 0.77 0.91 0.61
0.55 0.80 0.54 0.25 0.75 0.74 0.82 0.41
10
0.12 0.93 0.21 0.40 0.98 0.72 0.30 0.63 0.44 0.02
0.58 0.67 0.88 0.42 0.79 0.86 0.56 0.65 0.77 0.81
3
0.85 0.82 0.21
0.59 0.12 0.88
10
0.51 0.49 0.97 0.17 0.05 0.33 0.11 0.35 0.25 0.37
0.79 0.27 0.87 0.76 0.43 0.60 0.94 0.86 0.81 0.89
10
0.19 0.23 0.92 0.42 0.65 0.38 0.81 0.73 0.77 0.88
0.58 0.27 0.54 0.12 0.85 0.04 0.96 0.31 0.62 0.15
10
0.60 0.80 0.34 0.24 0.14 0.52 0.69 0.30 0.03 0.99
0.90 0.53 0.79 0.41 0.38 0.54 0.28 0.22 0.46 0.25
1
0.6
0.9
10
0.57 0.74 0.43 0.04 0.61 0.48 0.91 0.26 0.22 0.52
0.17 0.96 0.35 0.39 0.65 0.09 0.70 0.30 0.13 0.78
10
0.52 0.07 0.69 0.48 0.14 0.90 0.83 0.97 0.34 0.66
0.03 0.72 0.31 0.93 0.76 0.41 0.55 0.17 0.24 0.79
10
0.75 0.54 0.27 0.79 0.58 0.02 0.67 0.62 0.15 0.88
0.52 0.06 0.29 0.08 0.96 0.81 0.46 0.31 0.50 0.73
